18248101
18734901
18900901
18931801
70900513
71050725
71100412
71191402
72371901
73964701
78106821
78198201
78212801
78259001
78383603
78393402
78418701
79417701
88341001
18900901
70900513
71050725
71100412
72371901
73964701
78198201
78212801
78259001
78383603
78393402
78418701
79417701
88341001
70900513
72371901
78198201
78212801
78418701
79417701
88341001
70900513
72371901
78198201
88341001
18248101
18915301
18931801
70900513
71100412
71191402
72371901
73964701
78106821
78113802
78198201
78212801
78259001
78383603
78403501
78418701
79417701
88341001
18900901
70900513
71100412
71191402
72371901
73964701
78106821
78198201
78212801
78259001
78383603
78403501
78418701
79417701
88341001
