18248101 23/12/30 19:33 L1      1   --------- ---------  ---------- ---------  ------  ------  -----       2   30817 E    12     0  P    44     280.1     86.0    989.8    532.0  0 3 0      46.4      32.8
18248101 23/12/31 18:07 L1      6         7.8       5.1         5.9       5.8     0.4     1.2     18       3   30818 E    11     0  P    43     274.6      9.0    996.4    532.0  0 3 0      54.1      24.1
18734901 23/12/26 18:29 L1      1   --------- ---------  ---------- ---------  ------  ------  -----       2   10031 E    44     0  P    30     284.5     59.0    971.9    532.0  0 3 0      37.9      30.0
18734901 23/12/26 21:45 L1      2       117.7       6.2      -117.5       3.8    -0.0     1.2      4       2   10031 E    44     0  P    12     285.3     73.0    971.6    532.0  0 3 0      60.6      58.7
18734901 23/12/27 20:22 L1      1   --------- ---------  ---------- ---------  ------  ------  -----       0    9932 E    32     0  P    30     281.6      4.0    977.4    532.0  0 3 0      70.0      70.0
18734901 23/12/28 18:57 L1      1   --------- ---------  ---------- ---------  ------  ------  -----       4    9985 E    37     0  P    12     277.2     28.1    983.1    532.0  0 3 0      56.3      34.0
18900901 23/12/26 14:12 L1      1   --------- ---------  ---------- ---------  ------  ------  -----       0   21884 I     0     0  P    21     256.1     81.0    922.8    532.0  0 3 0      44.1      44.1
18900901 23/12/31 05:42 L2      4        34.9       4.5       -34.6      13.3    -0.6     1.5      7       0   21878 I     0     0  P    10     263.8      9.0    918.7    532.0  0 0 0      39.2      32.0
18931801 23/12/29 17:45 L1      3        37.5       2.5       -37.5       4.3     0.1     1.2     10       1   17569 I    30     3  P    35     282.4     74.0   1014.0    532.0  0 3 0      43.8      30.4
18931801 23/12/29 21:05 L1      2        39.5       2.1       -39.5       4.0     0.2     1.2      6       2   17563 I    25    -1  P    17     282.6      8.0   1014.0    532.0  0 3 0      64.7      50.0
18931801 23/12/30 00:33 L1      2        10.0       4.0         9.2       5.4     0.2     1.2      4       1   17566 I    26    -2  P    30     280.1      8.0   1014.0    532.0  0 3 0      40.4      37.3
70900513 23/12/26 08:11 L2      5         6.2       5.5        -2.8       5.6     1.2     1.4     19       1   14382 E     3     0  P    20     298.8     45.0    978.3    532.0  0 0 0      77.2      35.8
70900513 23/12/26 13:19 E1      4        35.6      20.8       -28.9     203.5     0.0     4.3     27       0   15045 E     8     0  P    27     292.1     74.0    981.5    532.0  0 0 0      51.0      39.8
70900513 23/12/26 14:57 L1      4         7.8       1.8        -7.5       5.2    -0.1     1.2      5       0   14380 E     3    -1  P     7     291.0     79.0    981.5    532.0  0 3 0      29.9      26.4
70900513 23/12/26 16:47 L2      2         3.3       0.4        -3.2       4.7     0.0     1.5      0       0   14379 E     3     0  P     6     291.3     77.0    981.0    532.0  0 0 0      68.7      67.3
70900513 23/12/27 00:11 L1      5        14.1       1.6        14.0       4.4     0.2     1.2      8       0   14384 E     3     2  P     6     294.2     28.4    983.1    532.0  0 3 0      41.4      30.8
70900513 23/12/27 03:25 L1      6         6.7       5.1         4.4       2.9    -1.2     1.0     23       0   14383 E     3     0  P    10     298.0     11.8    982.7    532.0  0 3 0      49.6      38.3
70900513 23/12/27 06:11 L2     12        16.6       3.8        16.1       3.5     0.5     1.3     24       0   14384 E     4     0  P     7     299.1     42.5    982.2    532.0  0 0 0      66.4      34.6
70900513 23/12/27 10:26 L2      5         9.3       8.8        -3.0       6.0    -0.5     1.4      7       0   14383 E     3     0  P     8     294.4     56.0    983.2    532.0  0 0 0      48.6      43.9
70900513 23/12/27 12:11 E1      7        38.7       5.0       -38.4     151.8     0.0     4.3    134       0   15042 E     8     0  P    25     291.6     69.4    984.1    532.0  0 0 0      50.7      36.8
70900513 23/12/27 13:27 L1     13         4.8       1.9         4.4       3.2    -0.3     0.9     30       0   14379 E     3     1  P     6     291.2     41.6    984.3    532.0  0 3 0      58.9      34.4
70900513 23/12/27 14:29 L2     13         6.1       4.6         4.0       3.3    -2.8     1.2     35       0   14379 E     3     1  P     8     290.2     73.5    984.2    532.0  0 0 0      67.0      37.3
70900513 23/12/27 18:35 L2      9        23.9       4.8        23.4       6.6    -1.5     1.4     15       0   14378 E     3    -2  P     7     288.5     83.0    982.7    532.0  0 0 0      35.7      29.6
70900513 23/12/27 19:33 E2     10        88.9       8.5        88.5     222.1    -0.2     6.7    128       0   15043 E     8    -1  P    21     288.6     79.5    982.7    532.0  0 0 0      72.1      33.2
70900513 23/12/28 01:59 L1     19         9.2       3.4         8.6       1.6     2.6     0.9     38       0   14382 E     4     1  P     8     300.1     37.1    983.0    532.0  0 3 0      82.7      27.7
70900513 23/12/28 12:05 L1     10         5.1       3.9         3.3       1.7    -1.0     0.8     30       0   14378 E     3     0  P     7     295.2     65.9    981.4    532.0  0 3 0      85.3      39.4
70900513 23/12/28 12:45 L2      6         4.0       2.7        -3.0       6.6    -0.5     1.4     11       0   14378 E     3     0  P     4     294.6     68.0    981.5    532.0  0 0 0      47.8      39.9
70900513 23/12/28 16:41 L2     13         8.6       2.8         8.1       2.9    -0.7     1.1     32       0   14378 E     3     0  P     7     293.2     62.0    980.2    532.0  0 0 0      69.6      35.8
70900513 23/12/28 19:18 E2      4        32.4      11.4        30.4     172.5     0.2     6.7     11       0   15043 E     9     5  P    19     294.6     46.0    980.2    532.0  0 0 0      55.4      53.5
70900513 23/12/29 01:03 L1      5        10.2       2.5         9.9       4.0    -0.2     1.2      7       0   14381 E     3     1  P     9     300.9     36.0    981.3    532.0  0 3 0      54.4      37.8
70900513 23/12/29 06:17 L2      8         3.7       2.4         2.9       2.9     0.4     1.2     27       0   14382 E     3     0  P     8     311.8     14.0    977.6    532.0  0 0 0      72.8      46.5
70900513 23/12/29 14:23 L1      8        13.3       3.7       -12.8       4.5    -0.8     1.1     14       0   14377 E     3    -1  P     8     294.1     81.0    979.4    532.0  0 3 0      39.2      34.5
70900513 23/12/29 14:51 L2     13         6.8       2.4         6.4       3.1     1.6     1.2     27       0   14376 E     3    -1  P     8     293.7     83.3    979.2    532.0  0 0 0      74.6      38.9
70900513 23/12/29 17:43 E2      6       307.2      22.6      -306.4     622.1    -0.1     6.7     21       0   15040 E     7     1  P    33     292.5     91.0    978.8    532.0  0 0 0      33.4      30.1
70900513 23/12/30 03:23 L1      2         4.7       2.6        -4.0       5.6     0.0     1.2      1       0   14382 E     4     2  P     3     305.6     33.0    979.9    532.0  0 3 0      28.5      25.7
70900513 23/12/30 04:37 L2      4        25.2       6.3        24.4      10.7     0.3     1.5      7       1   14383 E     3     0  P     5     307.3      3.0    979.2    532.0  0 0 0      39.9      37.9
70900513 23/12/30 08:32 L2      7         4.4       2.1         3.9       6.9    -0.3     1.4     23       1   14382 E     4     0  P    12     301.2     46.0    979.5    532.0  0 0 0      61.8      41.4
70900513 23/12/30 13:05 L2      4        13.3       2.0        13.1       8.9     0.0     1.4      8       0   14378 E     4    -5  P     6     292.9     84.0    981.8    532.0  0 0 0      49.6      40.3
70900513 23/12/30 13:24 L1      1   --------- ---------  ---------- ---------  ------  ------  -----       0   14375 E     3     0  P    10     292.7     85.0    982.0    532.0  0 3 0      38.0      38.0
70900513 23/12/31 01:45 L1      9         9.3       2.2         9.0       3.0     0.9     1.1     15       0   14381 E     4     1  P     9     298.8     63.0    983.3    532.0  0 3 0      83.5      37.1
70900513 23/12/31 06:59 L2      4        18.6       4.8       -18.0       8.8    -0.1     1.5      4       0   14382 E     3     0  P    18     301.8     51.0    981.5    532.0  0 0 0      45.9      35.0
70900513 23/12/31 11:39 L1     10         3.8       3.3         1.9       2.4    -0.5     1.1     30       0   14379 E     4    -4  P     8     294.8     28.1    982.3    532.0  0 3 0      67.2      21.9
70900513 23/12/31 14:53 L2     12        12.2       4.6        11.3       3.5    -1.1     1.4     40       0   14378 E     3     1  P     8     292.9     88.7    983.1    532.0  0 0 0      82.6      35.4
70900513 23/12/31 15:23 L1      5        24.0       2.3       -23.9       8.6     0.2     1.2      7       0   14378 E     3     1  P     7     292.7     88.0    982.9    532.0  0 3 0      22.1      19.2
70900513 23/12/31 17:58 E1     10       217.6      10.7      -217.3     590.4     0.0     4.3     62       0   15039 E     8     1  P    24     291.8     86.8    982.5    532.0  0 0 0      34.8      28.7
71050725 23/12/29 08:47 L2      4         5.8       2.4        -4.7       4.3     0.2     1.5      5       0   13124 E     4    -1  P     8     280.0     91.0   1000.5    532.0  0 0 0      53.5      40.8
71050725 23/12/29 13:01 L1      5         6.1       2.6        -5.5       3.6    -0.4     1.2      9       0   13124 E     3    -1  P     9     278.8     82.0   1001.6    532.0  0 3 0      65.2      37.7
71100412 23/12/28 03:57 L1     12         7.9       1.9        -7.7       3.9    -2.0     1.0     25       0   12755 E     2     1  P     6     281.4      7.8    817.2    532.0  0 3 0      56.7      33.2
71100412 23/12/28 17:47 L1      2         2.9       0.7         2.8       5.5     0.0     1.2      0       0   12755 E     3    -1  P    10     287.9      6.0    818.4    532.0  0 3 0      36.7      36.0
71100412 23/12/28 18:34 L2     10         6.3       4.5        -4.5       2.7    -1.9     1.3     15       0   12754 E     3     1  P    10     287.4      8.7    818.2    532.0  0 0 0      80.4      47.4
71191402 23/12/26 07:05 L1     11        24.5       2.5        24.4       2.3    -1.6     0.9     19       0    4267 E     2    -1  P     6     283.9     28.0    714.1    532.0  0 3 0      70.1      50.3
71191402 23/12/27 05:49 L1     11        16.7       1.6        16.7       4.2     0.0     1.0     19       0    4267 E     2     1  P     6     282.6      2.0    712.8    532.0  0 3 0      37.8      21.5
71191402 23/12/27 09:02 L1      1   --------- ---------  ---------- ---------  ------  ------  -----       0    4265 E     2     0  P     6     281.3      2.0    712.8    532.0  0 3 0      22.1      22.1
72371901 23/12/25 19:19 L1      3        36.7       0.9        36.7       5.8     0.0     1.2      3       0   27598 E     7    na  P     4     265.4     67.0    989.2    532.0  0 3 0      32.3      26.5
72371901 23/12/25 19:32 L2      4        51.1       0.5        51.1       5.6     0.0     1.5      5       0   27598 E     7    na  P     4     265.2     67.0    989.4    532.0  0 0 0      52.0      38.9
72371901 23/12/25 20:27 E1      2         3.1       3.1        -0.4     104.6    -0.0     4.3      3       0   27596 E     5    na  P     9     263.9     69.0    990.3    532.0  0 0 0      52.2      50.8
72371901 23/12/25 22:45 L1      6        24.8       2.4        24.7       4.3     0.4     1.2      9       0   27614 E     6    na  P     4     260.3     78.0    994.1    532.0  0 3 0      49.1      25.8
72371901 23/12/26 02:16 L1      2         3.7       3.6        -0.8       6.1     0.1     1.2      1       0   27621 E     5    na  P     4     266.8     56.0    997.9    532.0  0 3 0      31.9      30.4
72371901 23/12/26 03:30 L2      1   --------- ---------  ---------- ---------  ------  ------  -----       0   27621 E     5    na  P     4     266.2     52.0    998.0    532.0  0 0 0      66.6      66.6
72371901 23/12/26 10:34 L1      5        39.5       6.2        39.1       4.4     0.7     1.2      7       0   27613 E     7    na  P     4     259.2     76.0   1001.4    532.0  0 3 1      28.1      22.3
72371901 23/12/26 14:17 L1      4        35.1       1.2        35.1       2.7     0.0     1.2      4       0   27602 E     6    na  P     4     255.6     84.0   1002.3    532.0  0 3 1      78.2      64.8
72371901 23/12/26 16:59 E1      5         5.1       4.1         3.1      75.0     0.1     4.3     91       0   27591 E     7    na  P    18     253.7     84.0   1001.9    532.0  0 0 0      69.0      55.5
72371901 23/12/26 17:11 L2      6        56.9       4.3        56.7       6.4     1.6     1.2     29       0   27591 E     7    na  P     5     254.0     84.0   1002.0    532.0  0 0 0      40.2      30.1
72371901 23/12/26 17:47 L1      5        26.3       2.8        26.1       3.9    -0.1     1.2      6       0   27591 E     7    na  P     3     253.8     84.0   1001.9    532.0  0 3 1      41.4      40.1
72371901 23/12/26 19:42 E2      5       201.3       4.0      -201.3     420.8     0.0     6.7     76       0   27586 E     6    na  P    18     253.4     84.0   1001.1    532.0  0 0 0      66.2      47.3
72371901 23/12/26 21:01 L1      3        34.4       1.2        34.4       4.2     0.0     1.2      2       0   27590 E     6    na  P     4     253.5     84.0   1001.1    532.0  0 3 0      44.6      39.8
72371901 23/12/26 21:39 L2      4        25.7       5.6        25.1       4.3     0.0     1.4     13       0   27595 E     6    na  P     5     253.5     84.0   1000.9    532.0  0 0 0      59.2      28.4
72371901 23/12/28 11:27 L1      2        13.9       1.5        13.9       5.5     0.0     1.2      1       0   27611 E     4    na  P     4     263.8     78.0    994.5    532.0  0 3 0      37.3      35.6
72371901 23/12/28 14:24 E1      5        30.7       9.8       -29.1     216.0    -0.0     4.3     22       0   27606 E     5    na  P    19     261.9     82.0    994.3    532.0  0 0 0      45.2      44.5
72371901 23/12/28 14:53 L1      1   --------- ---------  ---------- ---------  ------  ------  -----       0   27606 E     5    na  P     4     261.8     82.0    994.3    532.0  0 3 0      28.2      28.2
72371901 23/12/28 17:02 E2      4        24.2       1.4        24.2     166.3     0.0     6.7     78       0   27610 E     4    na  P    18     261.3     83.0    993.6    532.0  0 0 0      73.0      36.8
72371901 23/12/28 17:32 L2      1   --------- ---------  ---------- ---------  ------  ------  -----       0   27612 E     4    na  P     4     259.9     84.0    993.4    532.0  0 0 0      46.3      46.3
72371901 23/12/28 18:33 L1      2        14.6       1.2        14.5       5.4    -0.0     1.2      1       0   27612 E     4    na  P     4     261.6     83.0    993.5    532.0  0 3 0      39.8      39.3
72371901 23/12/28 21:52 L1      1   --------- ---------  ---------- ---------  ------  ------  -----       0   27616 E     3    na  P     4     262.9     75.0    991.1    532.0  0 3 0      56.0      56.0
72371901 23/12/28 21:54 L2      1   --------- ---------  ---------- ---------  ------  ------  -----       0   27616 E     3    na  P     5     262.9     75.0    991.2    532.0  0 0 0      58.2      58.2
72371901 23/12/29 10:15 L1      3        48.9       2.7        48.9       5.3    -0.1     1.2      2       0   27596 E     6    na  P     3     268.3     59.0    989.0    532.0  0 3 0      22.2      21.3
72371901 23/12/29 13:46 L1      1   --------- ---------  ---------- ---------  ------  ------  -----       0   27596 E     7    na  P     3     265.4     74.0    989.2    532.0  0 3 0      76.5      76.5
72371901 23/12/31 10:44 E2      3       390.3       6.8      -389.9     747.4     0.0     6.7     60       0   27592 E    13    na  P    30     254.6      8.0   1000.6    532.0  0 0 0      67.9      39.6
72371901 23/12/31 10:53 L1      3        46.9       1.7        46.8       7.2     0.1     1.2      6       0   27592 E    13    na  P     4     255.9     76.0   1000.5    532.0  0 3 1      36.5      31.6
72371901 23/12/31 14:23 L1      3        32.2       1.6        32.2       3.6    -0.8     0.9     25       0   27580 E    13    na  P     4     251.7     82.0   1000.3    532.0  0 3 0      48.9      40.4
72371901 23/12/31 21:21 L1      4        37.4       0.9        37.4       5.6    -0.4     1.1     18       0   27588 E    14    na  P     4     252.6     82.0    995.7    532.0  0 3 0      57.5      39.8
73964701 23/12/26 14:31 L1      8         5.2       2.7         4.4       2.3     2.1     0.9     22       0   10833 E     4     0  P     7     282.8     38.0   1017.7    532.0  0 3 0      80.2      25.7
73964701 23/12/26 16:59 L2     10        34.9       2.0        34.9       6.2    -1.4     1.1     41       0   10834 E     4     0  P     7     281.7     38.0   1017.2    532.0  0 0 0      43.2      18.7
73964701 23/12/26 17:44 L1      6         7.1       3.0         6.4       4.2    -0.8     1.1     15       0   10824 E     4     0  P     7     280.3     51.0   1017.4    532.0  0 3 0      26.2      18.1
73964701 23/12/26 21:08 L1      5         0.7       0.6        -0.1       4.7     0.1     1.1     15       0   10816 E     4     0  P     6     277.2     67.0   1017.7    532.0  0 3 0      29.7      24.6
73964701 23/12/26 21:17 L2      8        10.0       2.3        -9.7       4.5    -0.8     1.3     17       0   10816 E     4     0  P     7     277.2     67.0   1017.7    532.0  0 0 0      62.2      43.1
73964701 23/12/31 11:17 L1      6        30.6       2.4        30.5       7.1     0.5     1.2     11       0   10833 E     5     0  P     6     281.7     51.0   1016.0    532.0  0 3 0      27.4      18.9
73964701 23/12/31 14:29 L1     10         6.2       2.1         5.8       3.6     1.0     0.9     27       0   10816 E     4     0  P     7     279.6      5.0   1017.4    532.0  0 3 0      70.1      31.6
73964701 23/12/31 19:53 L2      6         4.6       2.1        -4.1       7.9     0.4     1.4     10       0   10814 E     4     0  P     6     276.6     67.0   1017.1    532.0  0 0 0      75.5      51.8
78106821 23/12/26 18:23 L1      4        13.8       9.5         9.9       4.5    -0.6     1.2      5       0   10889 E     6    na  P    15     275.9     54.0    917.8    532.1  0 3 0      22.5      19.0
78106821 23/12/26 21:29 L1      8         8.7       8.5        -2.1       1.6    -3.1     0.7     50       0   10883 E     6    na  P    13     275.1     14.4    918.3    532.1  0 3 0      54.0      16.6
78198201 23/12/27 13:19 L1      4        15.1       2.6        14.9       4.3    -0.2     1.2      5       0   21581 E     4     0  P    15     283.1     69.0    801.7    532.0  0 3 0      52.0      46.1
78198201 23/12/27 15:53 E1      2        41.3       5.1       -40.9      52.3     0.0     4.3      2       0   21577 E     4    -5  P    13     281.8      8.0    801.8    532.0  0 0 0      35.7      35.3
78198201 23/12/27 16:39 L1      6        22.4       4.4        21.9       4.9     0.0     1.2      8       0   21575 E     4    -2  P    13     281.1     82.0    801.6    532.0  0 3 0      43.5      38.2
78198201 23/12/27 17:34 E2      2        12.8       4.1        12.1     102.9     0.0     6.7      2       0   21576 E     4     1  P    13     280.1     86.0    801.4    532.0  0 0 0      41.1      40.3
78198201 23/12/27 19:02 L2      5        29.9       5.6        29.4       3.9    -0.2     1.4      7       0   21574 E     4    -2  P    15     280.6     89.0    801.1    532.0  0 0 0      65.6      48.8
78198201 23/12/27 20:03 L1      5         9.8       5.1         8.4       7.0    -0.1     1.2      6       0   21574 E     4     0  P    13     280.1     89.0    800.6    532.0  0 3 0      14.5      13.1
78198201 23/12/28 11:47 L1      3        11.4       1.3       -11.3       6.5     0.0     1.2      3       0   21583 E     4     8  P    15     285.4     61.0    800.1    532.0  0 3 0      23.8      22.4
78198201 23/12/28 14:29 E1      3        57.4      12.7       -56.0     262.6    -0.0     4.3      6       0   21580 E     4     1  P    12     283.1     77.0    800.7    532.0  0 0 0      16.8      16.4
78198201 23/12/28 14:57 E2      2        12.2       8.8        -8.5     171.7    -0.0     6.7      3       0   21579 E     4    -1  P    12     282.7      8.0    800.7    532.0  0 0 0      35.7      35.5
78198201 23/12/28 15:23 L1      4        29.5       2.6        29.4       3.1     0.1     1.2      4       0   21579 E     4    -1  P    15     282.4     83.0    800.8    532.0  0 3 0      70.7      67.4
78198201 23/12/28 18:47 L1      4         9.6       4.2         8.7       5.9     0.0     1.2      5       0   21575 E     4    -2  P    12     281.3     89.0    800.1    532.0  0 3 0      18.6      18.0
78198201 23/12/29 17:37 L1      4         7.0       6.5         2.4       5.2    -0.2     1.2      6       1   21579 E     4     3  P    15     281.3     83.0    800.9    532.0  0 3 0      29.0      23.1
78198201 23/12/29 19:09 L2      5        21.5       4.1        21.1       4.7    -0.1     1.5      6       0   21579 E     4     0  P    15     280.6     88.0    800.5    532.0  0 0 0      50.7      34.6
78198201 23/12/30 11:44 E2      3       276.0       7.6      -275.9     566.9    -0.0     6.7      6       0   21583 E     4     5  P    12     283.8     59.0    799.7    532.0  0 0 0      57.8      54.8
78198201 23/12/30 12:49 L1      4         1.6       1.5        -0.6       4.7    -0.0     1.2      5       0   21583 E     3     1  P    15     283.7     56.0    800.0    532.0  0 3 0      39.4      32.5
78198201 23/12/30 16:01 L1      5        17.2       3.8        16.8       4.9    -0.2     1.2      6       0   21577 E     4     0  P    15     280.9     68.0    800.5    532.0  0 3 0      47.9      36.5
78198201 23/12/30 17:25 L2      5        37.0       3.9        36.8      11.4    -0.2     1.5      6       0   21574 E     4    -1  P    15     279.9     74.0    800.1    532.0  0 0 0      45.5      38.9
78198201 23/12/30 19:33 L1      5         5.9       1.3         5.8       7.3    -0.1     1.2      8       1   21570 E     4    -4  P    16     278.9     78.0    799.8    532.0  0 3 0      14.9      11.5
78198201 23/12/30 21:23 L2      6        49.6       8.7        48.9      11.3     0.1     1.5      8       0   21570 E     4     0  P    16     278.5     81.0    799.4    532.0  0 0 0      47.1      33.8
78198201 23/12/30 21:43 E1      2       191.9       8.0      -191.8     621.7    -0.0     4.3      2       0   21570 E     4     0  P    13     278.2     82.0    799.4    532.0  0 0 0      18.9      18.4
78198201 23/12/31 11:21 L1      5        36.2       3.8        36.0       7.7    -0.2     1.2      7       0   21580 E     4    10  P    18     286.1     49.0    798.6    532.0  0 3 0      16.7      14.7
78198201 23/12/31 14:38 L1      4        23.0       6.8        21.9       4.1     0.6     1.2      6       0   21576 E     4    -3  P    15     283.5     65.0    799.5    532.0  0 3 0      60.1      41.9
78198201 23/12/31 15:41 L2      4        76.8       7.4        76.5      22.1     0.3     1.5      5       0   21575 E     4    -1  P    13     282.0     72.0    799.4    532.0  0 0 0      17.4      17.0
78198201 23/12/31 18:19 L1      4        15.6       3.2       -15.2       9.5     0.2     1.2      5       0   21573 E     4    -3  P    16     281.1      8.0    798.7    532.0  0 3 0      21.5      19.5
78198201 23/12/31 19:35 L2      3        20.4       2.8        20.3       6.4     0.0     1.5      3       0   21573 E     4     1  P    11     281.1     83.0    798.4    532.0  0 0 0      72.6      63.9
78198201 23/12/31 20:44 E1      2       203.8       7.0      -203.6     609.3     0.0     4.3      1       0   21574 E     5     1  P    12     280.6     86.0    798.1    532.0  0 0 0      45.6      45.5
78198201 23/12/31 21:33 L1      5         6.9       3.2         6.1      10.2    -0.4     1.2      7       0   21574 E     5     1  P    10     280.3     89.0    797.8    532.0  0 3 0      21.0      17.1
78212801 23/12/25 01:23 L2     11        10.7       2.0       -10.5       9.7    -1.3     1.4     18       0   13556 E     5    na  P     6     275.3     49.0   1024.5    532.0  0 0 0      55.7      38.5
78212801 23/12/25 12:01 L1     16         8.5       2.8        -8.0       4.1    -0.1     1.1     36       0   13564 E     4    na  P     6     276.7      5.0   1022.1    532.0  0 3 0      54.7      24.4
78212801 23/12/25 15:37 L1     15        14.7       3.3        14.4       5.4     0.9     1.0     26       0   13559 E     3    na  P     5     275.2     62.0   1021.2    532.0  0 3 0      46.5      29.6
78212801 23/12/25 18:08 E1      5        30.1       3.3        29.9     108.7    -0.0     4.3     17       0   13558 E     5    na  P    28     275.1     66.0   1020.1    532.0  0 0 0      72.2      65.7
78212801 23/12/25 18:59 L2     14        11.7       2.3       -11.5       2.8    -1.3     1.1     30       0   13566 E     4    na  P     5     275.4     66.0   1019.8    532.0  0 0 0      77.5      41.6
78212801 23/12/27 12:49 L1     16         3.6       3.3         1.5       1.6     1.3     0.7     40       0   13570 E     5    na  P     5     282.7     81.0   1017.9    532.0  0 3 0      70.9      27.2
78259001 23/12/25 09:25 L1      6        14.9       2.4       -14.7       4.4    -0.5     1.2      8       0   23762 E     3     0  P     9     289.2     45.6    917.1    532.1  0 3 0      61.1      38.2
78259001 23/12/25 10:15 L2     11        21.8       5.5       -21.1      11.3     0.5     1.4     18       0   23762 E     3     0  P     9     289.5     79.0    918.1    532.1  0 0 0      57.2      35.9
78259001 23/12/27 09:49 L1      5         2.2       2.0        -0.9       3.7     0.2     1.2      6       0   23762 E     3     0  P     9     289.4     46.2    921.8    532.1  0 3 0      55.4      36.0
78259001 23/12/27 14:39 L2      5        19.6       4.5        19.1       5.1    -0.3     1.4      7       0   23761 E     3    -1  P     9     288.0     23.0    921.0    532.1  0 0 0      52.7      39.2
78259001 23/12/28 04:41 L2      2        11.2       6.2        -9.3       4.9    -0.1     1.5      1       0   23762 E     3     0  P     9     299.4     21.8    920.9    532.1  0 0 0      70.1      68.5
78259001 23/12/28 08:35 L2      4        25.9       1.3        25.9       5.6    -0.1     1.5      5       0   23762 E     3     0  P     9     297.0     45.5    921.8    532.1  0 0 0      52.2      44.6
78259001 23/12/28 12:11 L1      6         8.2       4.1         7.1       5.4     0.3     1.2      8       0   23762 E     3    -1  P     9     293.6     31.9    923.0    532.1  0 3 0      38.7      35.7
78259001 23/12/28 12:55 L2      5         7.7       1.8         7.4       2.9    -0.1     1.4     11       0   23762 E     3    -1  P     9     293.3     36.7    923.1    532.1  0 0 0      81.4      73.2
78259001 23/12/29 07:29 L1      2        24.0       0.8        24.0       4.6    -0.0     1.2      0       0   23761 E     3     0  P     9     292.0     64.8    921.1    532.1  0 3 0      41.6      41.4
78259001 23/12/29 11:00 L2      6        15.7       4.5        15.1       4.7     0.6     1.4     16       0   23762 E     3    -1  P     9     288.5     19.7    922.0    532.1  0 0 0      63.1      47.2
78259001 23/12/29 14:51 L2     10        13.7       4.9       -12.7       6.0     2.1     1.3     29       0   23761 E     3     0  P     9     286.5     59.1    921.2    532.1  0 0 0      51.8      33.2
78383603 23/12/25 22:15 L1      4         6.6       2.9        -5.9       3.7    -0.2     1.2      4       0   21964 I     7     1  P    14     277.1     57.2   1020.6    532.0  0 3 0      65.0      52.1
78383603 23/12/26 14:25 L1      9         9.0       2.2         8.8       3.2     0.0     1.0     15       0   21969 I     8     3  P    14     278.8     63.2   1020.3    532.0  0 3 0      56.2      33.8
78383603 23/12/27 00:22 L1     13        12.2       4.8       -11.2       3.1     2.3     0.9     24       0   21970 I     8     0  P    19     284.8     47.4   1020.9    532.0  0 3 0      51.9      34.1
78383603 23/12/27 01:36 L2      4         4.3       3.6        -2.3       3.4    -0.1     1.4     13       3   21966 I     7     1  P    14     286.9      9.3   1020.9    532.0  0 0 0      79.6      53.3
78383603 23/12/27 23:17 L1      3         5.8       5.4        -2.0       3.3    -0.5     1.2      7       2   21965 I     7     2  P    18     281.4     16.6   1020.3    532.0  0 3 0      77.9      54.2
78393402 23/12/26 21:31 L1     13         5.7       1.8         5.4       1.3     1.3     0.6     43       0   16791 I     2     0  P     5     281.1     68.0    962.0    532.0  0 3 0      82.2      24.6
78393402 23/12/27 00:41 L2      9        21.5       3.4        21.3       5.2     1.6     1.1     33       0   16791 I     2     0  P     5     279.1     61.0    963.7    532.0  0 0 0      47.1      26.0
78393402 23/12/27 01:05 L1      5         9.6       0.2         9.6       3.7    -0.1     1.0     18       0   16791 I     2     0  P     5     278.9     62.2    963.9    532.0  0 3 0      44.9      29.3
78393402 23/12/28 10:55 L2     10         6.9       1.1         6.8       5.0     1.0     1.2     26       0   16791 I     2     0  P     5     280.7     56.5    962.6    532.0  0 0 0      55.8      36.7
78393402 23/12/29 09:01 L1      6         5.8       1.1        -5.7       4.2    -0.3     1.1     12       0   16790 I     2     0  P     5     278.4     61.9    961.7    532.0  0 3 0      38.2      35.2
78393402 23/12/29 09:04 L2      5        10.9       2.9        10.5       2.9     1.2     1.2     25       0   16790 I     2     0  P     5     278.6     61.3    961.7    532.0  0 0 0      80.1      50.5
78393402 23/12/30 19:35 L1     10         8.7       3.0         8.1       2.9    -1.4     0.9     40       0   16791 I     2     0  P     5     277.8     66.9    960.6    532.0  0 3 0      63.8      25.3
78393402 23/12/30 23:05 L1      9         2.0       1.9        -0.4       3.8     1.7     0.8     39       0   16791 I     2    -1  P     5     276.8     69.5    959.7    532.0  0 3 0      55.8      17.9
78418701 23/12/26 09:45 L1      4        24.7       1.5       -24.7       4.9    -0.1     1.2      5       0   14595 I     2     0  P    10     281.9     85.7    996.0    532.2  0 3 1      33.6      32.9
78418701 23/12/27 04:29 L1      7        14.3       1.5        14.2       2.4    -0.1     0.8     27       0   14594 I     2     0  P    12     276.4     87.9   1010.2    532.2  0 3 0      64.5      31.9
78418701 23/12/27 04:39 L2      7        11.0       4.0        10.2       2.1     4.8     1.0     35       0   14594 I     2     0  P    12     276.3     88.0   1010.3    532.2  0 0 0      53.4      38.5
78418701 23/12/27 06:37 E1      3        19.4       1.8        19.4      80.2    -0.0     4.3      8       0   14595 E     2     1  P    34     275.6     90.7   1011.4    532.2  0 0 0      72.1      69.7
78418701 23/12/27 07:59 L1      5         2.8       2.6        -1.2       3.9    -1.0     1.1     19       0   14595 I     2     0  P    12     275.4     91.7   1011.9    532.2  0 3 0      53.7      22.2
78418701 23/12/29 05:41 L1      4         4.4       2.9        -3.3       3.5    -0.4     1.2      9       0   14593 I     2     0  P    11     282.2     74.3    996.1    532.2  0 3 0      64.6      37.8
78418701 23/12/30 07:29 L2      5         0.6       0.5         0.3       4.6     0.0     1.4      7       0   14594 I     2     0  P     7     278.8     85.7    999.6    532.2  0 0 0      62.7      42.8
78418701 23/12/30 07:38 L1     10         3.9       1.4         3.7       2.9    -1.0     1.0     22       0   14594 I     2     0  P    11     278.8     85.4    999.7    532.2  0 3 1      61.9      38.5
78418701 23/12/30 19:39 L1      9        12.5       1.9        12.3       3.9    -1.2     1.0     18       0   14593 I     2    -1  P    12     278.7     82.2   1003.1    532.2  0 3 1      57.7      37.8
79417701 23/12/25 03:37 L1     10        26.3       2.3       -26.2       7.5     1.0     1.2     17       0   35265 E     1     0  P     8     282.2     95.6    960.9    532.0  0 3 0      44.5      21.2
79417701 23/12/25 04:13 L2     13        25.1       3.8       -24.8       3.8     0.6     1.3     44       0   35265 E     1     0  P     9     281.3     12.4    960.9    532.0  0 0 0      60.9      21.0
79417701 23/12/25 07:29 L1     11         9.0       1.5        -8.9       5.3    -0.8     1.1     18       0   35265 E     1     0  P     7     283.3     45.5    961.9    532.0  0 3 0      67.1      20.6
79417701 23/12/25 09:01 L2      5         7.4       2.4         7.0       4.6     0.3     1.4      8       0   35265 E     1     0  P     7     284.5     17.5    962.4    532.0  0 0 0      60.2      38.4
79417701 23/12/25 09:39 E1      3        54.0       2.4        53.9     384.7     0.0     4.3      7       0   35265 E     1     0  P    13     285.0     41.3    962.5    532.0  0 0 0      63.8      59.5
79417701 23/12/26 06:05 L1      3        12.6       0.7       -12.6       3.9    -0.2     1.1     19       0   35267 E     1     0  P     6     282.2     76.7    962.6    532.0  0 3 0      72.7      22.0
79417701 23/12/26 06:59 L2      4         2.7       1.2        -2.5       4.9     0.0     1.5      4       0   35267 E     1     0  P     9     280.2     85.0    962.8    532.0  0 0 0      61.9      53.1
79417701 23/12/26 09:23 L1      7        26.6       4.7       -26.2       4.5    -0.2     1.1     28       0   35267 E     1     0  P     8     284.3     74.6    963.8    532.0  0 3 0      28.1      22.1
79417701 23/12/26 10:37 L2      3        32.3       2.9       -32.2       6.7     0.1     1.5      3       0   35267 E     1     0  P     9     285.8     66.0    963.5    532.0  0 0 0      29.7      23.2
79417701 23/12/26 21:51 L1      9         9.7       1.3        -9.6       2.2    -0.6     0.8     25       0   35267 E     1     0  P     9     282.1     85.0    965.1    532.0  0 3 0      72.4      24.8
79417701 23/12/27 00:33 L2      5         2.9       2.7         0.9       5.4     0.1     1.5      7       0   35265 E     1     0  P     8     280.9     85.0    965.3    532.0  0 0 0      42.1      29.8
79417701 23/12/27 01:25 L1      3         2.2       1.2        -1.9       4.6    -0.0     1.2      2       0   35265 E     1     0  P     9     279.7     89.0    965.8    532.0  0 3 0      33.4      31.0
79417701 23/12/27 05:21 L2      1   --------- ---------  ---------- ---------  ------  ------  -----       0   35263 E     1     0  P     9     281.3     89.0    966.0    532.0  0 0 0      21.9      21.9
79417701 23/12/27 06:53 E1      3         3.5       2.3         2.7      84.9    -0.0     4.3      7       0   35263 E     1     0  P    13     281.2     88.0    967.1    532.0  0 0 0      61.2      60.7
79417701 23/12/27 07:51 L1     17        12.8       2.2       -12.6       2.5    -0.2     0.8     44       0   35266 E     1     0  P     9     282.2     15.5    968.0    532.0  0 3 0      55.7      20.4
79417701 23/12/27 08:41 L2      7        10.2       3.4        -9.7       4.5     0.7     1.4     15       0   35266 E     1     0  P     7     282.4     84.3    968.5    532.0  0 0 0      57.3      22.7
79417701 23/12/27 20:27 L1      2         0.8       0.2         0.7       3.7    -0.0     1.2      0       0   35266 E     1     0  P     8     282.6     84.0    969.5    532.0  0 3 0      67.8      65.5
79417701 23/12/27 22:59 L2      9        38.6       4.3       -38.4       8.7    -1.4     1.4     14       0   35267 E     1     0  P     9     282.5     55.7    969.9    532.0  0 0 0      26.0      20.6
79417701 23/12/27 23:47 L1      9         4.1       3.3        -2.3       5.2     1.3     1.0     27       0   35267 E     1     0  P     8     282.4     82.4    969.9    532.0  0 3 0      38.2      26.2
79417701 23/12/28 03:07 L2     11        12.1       6.0       -10.5       3.7    -2.4     1.4     18       0   35265 E     1     0  P     8     282.9     38.8    969.8    532.0  0 0 0      64.3      20.2
79417701 23/12/28 03:48 E1      8        15.0       1.9        14.9      61.2     0.0     4.3     77       0   35265 E     1     0  P    13     282.7     17.8    969.9    532.0  0 0 0      61.6      51.3
79417701 23/12/28 06:43 L2     14         7.9       2.8         7.4       4.4    -0.4     1.3     30       0   35266 E     1     0  P     9     282.9     26.9    970.3    532.0  0 0 0      67.1      21.8
79417701 23/12/29 17:43 L1      2         8.0       0.4         8.0       5.4     0.0     1.2      1       0   35270 E     1     0  P     6     281.5     78.0    965.5    532.0  0 3 0      26.8      26.6
88341001 23/12/27 09:03 L2      2        14.3       0.0        14.3       3.8     0.0     1.5      1       0   15022 I     3     0  P    12     277.2      9.0    951.0   1064.0  0 0 0      84.2      81.4
88341001 23/12/28 04:46 E1      4         2.8       1.9         2.1      43.5    -0.0     4.3     55       0   15022 I     3     0  P    22     277.9     61.0    947.1   1064.0  0 0 0      64.3      43.2
88341001 23/12/28 04:52 E2      4       291.0       2.8       291.0     211.2    -0.0     6.7     97       0   15022 I     3     0  P    20     277.8     61.5    947.1   1064.0  0 0 0      33.2      26.0
88341001 23/12/28 06:41 L1      2         8.4       0.9         8.4       4.5     0.0     1.2      0       0   15022 I     3     0  P     7     278.0     59.0    947.2   1064.0  0 3 0      46.7      44.0
88341001 23/12/29 05:54 L1      1   --------- ---------  ---------- ---------  ------  ------  -----       0   15022 I     3     0  P    11     279.7     78.0    944.0   1064.0  0 3 0      24.7      24.7
